% -------------------------------------------------------------------
%  Generated by MATLAB on 21-Jan-2021 16:38:52
%  MATLAB version: 9.8.0.1323502 (R2020a)
% -------------------------------------------------------------------
                                          

smiData = struct;
smiData.RigidTransform = struct;
smiData.RigidTransform(1).translation = ...
  [0 43.794357701670783 -77.5];
smiData.RigidTransform(1).angle = 0;
smiData.RigidTransform(1).axis = [0 0 0];
smiData.RigidTransform(1).ID = 'B[core-1:-:lipo baterry-1]';
smiData.RigidTransform(2).translation = ...
  [-77.5 81.794357701670791 4.9999999999999289];
smiData.RigidTransform(2).angle = 1.5707963267948968;
smiData.RigidTransform(2).axis = [0 1 0];
smiData.RigidTransform(2).ID = 'F[core-1:-:lipo baterry-1]';
smiData.RigidTransform(3).translation = ...
  [86.5 -6.8000000000000007 -56.999999999999993];
smiData.RigidTransform(3).angle = 2.0943951023931953;
smiData.RigidTransform(3).axis = [-0.57735026918962584 -0.57735026918962584 ...
                                  -0.57735026918962584];
smiData.RigidTransform(3).ID = 'B[core-1:-:motherboard-1]';
smiData.RigidTransform(4).translation = ...
  [-56.999999999999986 -16.800000000000033 -59.499999999999979];
smiData.RigidTransform(4).angle = 1.5707963267948968;
smiData.RigidTransform(4).axis = [-1 -1.546684464287293E-16 0];
smiData.RigidTransform(4).ID = 'F[core-1:-:motherboard-1]';
smiData.RigidTransform(5).translation = ...
  [0 -13.000000000000005 8.0000000000000071];
smiData.RigidTransform(5).angle = 3.1415926535897931;
smiData.RigidTransform(5).axis = [1 0 0];
smiData.RigidTransform(5).ID = 'B[adaptador_elp-1:-:core-1]';
smiData.RigidTransform(6).translation = ...
  [111.99999999999991 11.999999999999996 45.000000000000135];
smiData.RigidTransform(6).angle = 2.0943951023931957;
smiData.RigidTransform(6).axis = [0.57735026918962573 0.57735026918962584 ...
                                  0.57735026918962573];
smiData.RigidTransform(6).ID = 'F[adaptador_elp-1:-:core-1]';
smiData.RigidTransform(7).translation = ...
  [29.999999999999996 0 19.999999999999989];
smiData.RigidTransform(7).angle = 3.1415926535897931;
smiData.RigidTransform(7).axis = [1 0 0];
smiData.RigidTransform(7).ID = 'B[elp camera-1:-:adaptador_elp-1]';
smiData.RigidTransform(8).translation = ...
  [1.4210854715202004E-14 2.0000000000001341 -6.9999999999999716];
smiData.RigidTransform(8).angle = 1.5707963267948968;
smiData.RigidTransform(8).axis = [7.8504622934188746E-17 1.3353514506865694E-16 ...
                                  -1];
smiData.RigidTransform(8).ID = 'F[elp camera-1:-:adaptador_elp-1]';
smiData.RigidTransform(9).translation = ...
  [0 -12.999999999999998 8.0000000000000071];
smiData.RigidTransform(9).angle = 3.1415926535897931;
smiData.RigidTransform(9).axis = [1 0 0];
smiData.RigidTransform(9).ID = 'B[adaptador_elp-2:-:core-1]';
smiData.RigidTransform(10).translation = ...
  [111.9999999999999 12.000000000000036 -44.999999999999872];
smiData.RigidTransform(10).angle = 2.0943951023931957;
smiData.RigidTransform(10).axis = [0.57735026918962573 0.577350269189626 ...
                                   0.57735026918962562];
smiData.RigidTransform(10).ID = 'F[adaptador_elp-2:-:core-1]';
smiData.RigidTransform(11).translation = ...
  [-30.000000000000004 0 19.999999999999989];
smiData.RigidTransform(11).angle = 3.1415926535897931;
smiData.RigidTransform(11).axis = [1 0 0];
smiData.RigidTransform(11).ID = 'B[elp camera-1:-:adaptador_elp-2]';
smiData.RigidTransform(12).translation = ...
  [1.7763568394002505E-15 1.9999999999998588 -6.9999999999999716];
smiData.RigidTransform(12).angle = 1.5707963267948966;
smiData.RigidTransform(12).axis = [-1.5700924586837747E-16 1.0197872373390929E-16 ...
                                   1];
smiData.RigidTransform(12).ID = 'F[elp camera-1:-:adaptador_elp-2]';
smiData.RigidTransform(13).translation = ...
  [132.05662886691715 -33.4 109.25684090222734];
smiData.RigidTransform(13).angle = 2.0943951023931953;
smiData.RigidTransform(13).axis = [-0.57735026918962584 -0.57735026918962584 ...
                                   -0.57735026918962584];
smiData.RigidTransform(13).ID = 'B[core-1:-:arm-1]';
smiData.RigidTransform(14).translation = ...
  [69.586212403732574 121.47346341250008 217.999728844974];
smiData.RigidTransform(14).angle = 2.5305975717798277;
smiData.RigidTransform(14).axis = [-0.3153701662388162 -0.67102222699643166 ...
                                   -0.67102222699643166];
smiData.RigidTransform(14).ID = 'F[core-1:-:arm-1]';
smiData.RigidTransform(15).translation = ...
  [63.086212403732809 121.47346341250008 122.99972884497399];
smiData.RigidTransform(15).angle = 2.0943951023931953;
smiData.RigidTransform(15).axis = [-0.57735026918962584 -0.57735026918962584 ...
                                   -0.57735026918962584];
smiData.RigidTransform(15).ID = 'B[arm-2:-:core-1]';
smiData.RigidTransform(16).translation = ...
  [-66.436292829901433 -33.400000000000006 31.967590555691984];
smiData.RigidTransform(16).angle = 2.5305975717798272;
smiData.RigidTransform(16).axis = [-0.31537016623881647 -0.67102222699643155 ...
                                   -0.67102222699643155];
smiData.RigidTransform(16).ID = 'F[arm-2:-:core-1]';
smiData.RigidTransform(17).translation = ...
  [66.42749128777514 3 -40.263607171534261];
smiData.RigidTransform(17).angle = 2.0943951023931953;
smiData.RigidTransform(17).axis = [0.57735026918962584 -0.57735026918962584 ...
                                   0.57735026918962584];
smiData.RigidTransform(17).ID = 'B[core-1:-:arm-3]';
smiData.RigidTransform(18).translation = ...
  [76.086212403732873 157.87346341250009 122.9997288449743];
smiData.RigidTransform(18).angle = 2.5305975717798272;
smiData.RigidTransform(18).axis = [0.31537016623881647 0.67102222699643155 ...
                                   -0.67102222699643155];
smiData.RigidTransform(18).ID = 'F[core-1:-:arm-3]';
smiData.RigidTransform(19).translation = ...
  [63.086212403732794 121.47346341250008 122.99972884497397];
smiData.RigidTransform(19).angle = 2.0943951023931953;
smiData.RigidTransform(19).axis = [-0.57735026918962584 -0.57735026918962584 ...
                                   -0.57735026918962584];
smiData.RigidTransform(19).ID = 'B[arm-4:-:core-1]';
smiData.RigidTransform(20).translation = ...
  [-56.427491287775212 -33.400000000000006 -40.263607171534275];
smiData.RigidTransform(20).angle = 2.5305975717798264;
smiData.RigidTransform(20).axis = [-0.31537016623881681 0.67102222699643166 ...
                                   0.67102222699643166];
smiData.RigidTransform(20).ID = 'F[arm-4:-:core-1]';
smiData.RigidTransform(21).translation = ...
  [69.58621240373958 126.07346341250017 352.99972884497316];
smiData.RigidTransform(21).angle = 2.35619449019234;
smiData.RigidTransform(21).axis = [-3.965843804798156E-17 -1 -1.0048612929035335E-16 ...
                                   ];
smiData.RigidTransform(21).ID = ['AssemblyGround[arm-4:soporte_protecto' ...
                                 'r-1]'];
smiData.RigidTransform(22).translation = ...
  [69.5862124037342 156.07346341250019 352.9997288449739];
smiData.RigidTransform(22).angle = 1.570796326794911;
smiData.RigidTransform(22).axis = [1.7347234759762401E-18 -1 -2.48065457064684E-16 ...
                                   ];
smiData.RigidTransform(22).ID = 'AssemblyGround[arm-4:protector-1]';
smiData.RigidTransform(23).translation = ...
  [0 0 0];
smiData.RigidTransform(23).angle = 0;
smiData.RigidTransform(23).axis = [0 0 0];
smiData.RigidTransform(23).ID = ['AssemblyGround[arm-4:T-Motor MN3110-1' ...
                                 ':T-Motor MN3110.step-1:MN3110.step-1]' ...
                                 ''];
smiData.RigidTransform(24).translation = ...
  [0 0 0];
smiData.RigidTransform(24).angle = 0;
smiData.RigidTransform(24).axis = [0 0 0];
